The Hilbert matrix of order 9 is:
1.000000 0.500000 0.333333 0.250000 0.200000 0.166667 0.142857 0.125000 0.111111 
0.500000 0.333333 0.250000 0.200000 0.166667 0.142857 0.125000 0.111111 0.100000 
0.333333 0.250000 0.200000 0.166667 0.142857 0.125000 0.111111 0.100000 0.090909 
0.250000 0.200000 0.166667 0.142857 0.125000 0.111111 0.100000 0.090909 0.083333 
0.200000 0.166667 0.142857 0.125000 0.111111 0.100000 0.090909 0.083333 0.076923 
0.166667 0.142857 0.125000 0.111111 0.100000 0.090909 0.083333 0.076923 0.071429 
0.142857 0.125000 0.111111 0.100000 0.090909 0.083333 0.076923 0.071429 0.066667 
0.125000 0.111111 0.100000 0.090909 0.083333 0.076923 0.071429 0.066667 0.062500 
0.111111 0.100000 0.090909 0.083333 0.076923 0.071429 0.066667 0.062500 0.058824 
1 Norm Condition number of Hilbert matrix of order 9 is: 2237866617516.874023
