1.000000 0.058200 0.003387 0.000197 0.000011 
0.000000 -0.000983 -0.000113 -0.000010 -0.000001 
0.000000 0.000000 0.000008 0.000001 0.000000 
0.000000 0.000000 0.000000 -0.000000 -0.000000 
0.000000 0.000000 0.000000 0.000000 0.000000 
1.000000 0.052562 0.002763 0.000145 0.000008 
1.000000 0.051857 0.002689 0.000139 0.000007 
1.000000 0.051152 0.002617 0.000134 0.000007 
1.000000 0.050448 0.002545 0.000128 0.000006 
1.000000 0.049743 0.002474 0.000123 0.000006 
1.000000 0.049038 0.002405 0.000118 0.000006 
1.000000 0.048366 0.002339 0.000113 0.000005 
1.000000 0.047694 0.002275 0.000108 0.000005 
1.000000 0.046989 0.002208 0.000104 0.000005 
1.000000 0.046285 0.002142 0.000099 0.000005 
1.000000 0.045580 0.002078 0.000095 0.000004 
1.000000 0.044875 0.002014 0.000090 0.000004 
1.000000 0.044138 0.001948 0.000086 0.000004 
1.000000 0.043400 0.001884 0.000082 0.000004 
1.000000 0.043400 0.001884 0.000082 0.000004 
1.000000 0.043400 0.001884 0.000082 0.000004 
1.000000 0.043400 0.001884 0.000082 0.000004 
1.000000 0.043400 0.001884 0.000082 0.000004 
1.000000 0.043400 0.001884 0.000082 0.000004 
1.000000 0.043400 0.001884 0.000082 0.000004 
1.000000 0.043400 0.001884 0.000082 0.000004 
1.000000 0.043400 0.001884 0.000082 0.000004 
1.000000 0.043400 0.001884 0.000082 0.000004 
1.000000 0.043400 0.001884 0.000082 0.000004 
1.000000 0.043400 0.001884 0.000082 0.000004 
1.000000 0.043400 0.001884 0.000082 0.000004 
1.000000 0.043400 0.001884 0.000082 0.000004 
1.000000 0.043400 0.001884 0.000082 0.000004 
1.000000 0.043400 0.001884 0.000082 0.000004 
1.000000 0.043400 0.001884 0.000082 0.000004 
1.000000 0.043400 0.001884 0.000082 0.000004 
1.000000 0.043400 0.001884 0.000082 0.000004 
1.000000 0.043400 0.001884 0.000082 0.000004 
1.000000 0.043400 0.001884 0.000082 0.000004 
1.000000 0.043400 0.001884 0.000082 0.000004 
1.000000 0.043400 0.001884 0.000082 0.000004 
1.000000 0.043400 0.001884 0.000082 0.000004 
1.000000 0.043400 0.001884 0.000082 0.000004 
1.000000 0.043400 0.001884 0.000082 0.000004 
1.000000 0.043400 0.001884 0.000082 0.000004 
1.000000 0.043400 0.001884 0.000082 0.000004 
1.000000 0.043400 0.001884 0.000082 0.000004 
1.000000 0.043400 0.001884 0.000082 0.000004 
1.000000 0.043400 0.001884 0.000082 0.000004 
1.000000 0.043400 0.001884 0.000082 0.000004 
1.000000 0.043400 0.001884 0.000082 0.000004 
1.000000 0.043400 0.001884 0.000082 0.000004 
1.000000 0.043400 0.001884 0.000082 0.000004 
1.000000 0.043400 0.001884 0.000082 0.000004 
1.000000 0.043400 0.001884 0.000082 0.000004 
1.000000 0.043400 0.001884 0.000082 0.000004 
1.000000 0.043400 0.001884 0.000082 0.000004 
1.000000 0.043400 0.001884 0.000082 0.000004 
1.000000 0.043400 0.001884 0.000082 0.000004 
1.000000 0.043400 0.001884 0.000082 0.000004 
1.000000 0.043400 0.001884 0.000082 0.000004 
1.000000 0.043400 0.001884 0.000082 0.000004 
1.000000 0.043400 0.001884 0.000082 0.000004 
1.000000 0.043400 0.001884 0.000082 0.000004 
1.000000 0.043400 0.001884 0.000082 0.000004 
1.000000 0.043400 0.001884 0.000082 0.000004 
1.000000 0.043400 0.001884 0.000082 0.000004 
1.000000 0.043400 0.001884 0.000082 0.000004 
1.000000 0.043400 0.001884 0.000082 0.000004 
1.000000 0.043400 0.001884 0.000082 0.000004 
1.000000 0.043400 0.001884 0.000082 0.000004 
1.000000 0.043400 0.001884 0.000082 0.000004 
1.000000 0.043400 0.001884 0.000082 0.000004 
1.000000 0.043400 0.001884 0.000082 0.000004 
1.000000 0.043400 0.001884 0.000082 0.000004 
1.000000 0.043400 0.001884 0.000082 0.000004 
1.000000 0.043400 0.001884 0.000082 0.000004 
