63632261.85470619797706604004 -83395867.84537221491336822510 -25683034.98858492821455001831
61117238.62479388713836669922 -85188608.83985668420791625977 -25908742.75968045741319656372
58552618.72345539927482604980 -86912219.25632415711879730225 -26113425.57796248793601989746
55940485.62102533876895904541 -88565303.79326069355010986328 -26296918.36613177880644798279
53282962.59733450412750244141 -90146526.81702630221843719482 -26459073.94187781214714050293
50582210.80229909718036651611 -91654613.55513493716716766357 -26599763.14580732211470603943
47840427.27877002209424972534 -93088351.22582356631755828857 -26718874.95066602155566215515
45059842.95020369440317153931 -94446590.10256877541542053223 -26816316.55174168199300765991
42242720.57576866447925567627 -95728244.51232126355171203613 -26892013.43836855143308639526
39391352.67554864287376403809 -96932293.76634348928928375244 -26945909.44648491591215133667
36508059.42854280769824981689 -98057783.02265211939811706543 -26977966.79222744330763816833
33595186.54619796574115753174 -99103824.07918584346771240234 -26988166.08657773956656455994
30655103.12423470616340637207 -100069596.09693823754787445068 -26976506.33110788092017173767
27690199.47555030137300491333 -100954346.25241644680500030518 -26943004.89490303024649620056
24702884.94699577614665031433 -101757390.31890758872032165527 -26887697.47276991978287696838
21695585.72283237054944038391 -102478113.17615588009357452393 -26810638.02487022802233695984
18670742.61767416819930076599 -103115969.24817518889904022217 -26711898.69794764369726181030
15630808.86171862855553627014 -103670482.86904184520244598389 -26591569.72834631428122520447
12578247.88105586357414722443 -104141248.57663284242153167725 -26449759.32704675570130348206
9515531.07582991011440753937 -104527931.33439248800277709961 -26286593.54697259888052940369
6445135.59900183510035276413 -104830266.68132774531841278076 -26102216.13284815475344657898
3369542.13843553001061081886 -105048060.81054738163948059082 -25896788.35391232371330261230
291232.70499154482968151569 -105181190.57677260041236877441 -25670488.81981889158487319946
-2787311.57072584331035614014 -105229603.43335694074630737305 -25423513.28007663413882255554
-5863612.63036900572478771210 -105193317.29946044087409973145 -25156074.40740508213639259338
-8935197.66604671813547611237 -105072420.35812713205814361572 -24868401.56540266424417495728
-11999601.28223066776990890503 -104867070.78611563146114349365 -24560740.56094405800104141235
-15054367.63893645815551280975 -104577496.41642941534519195557 -24233353.38174195960164070129
-18097052.57381180673837661743 -104203994.33458706736564636230 -23886517.91952588036656379700
-21125225.70083304122090339661 -103746930.40976108610630035400 -23520527.67930648103356361389
-24136472.48338339477777481079 -103206738.76199963688850402832 -23135691.47520859166979789734
-27128396.27956276014447212219 -102583921.16682516038417816162 -22732333.11336930468678474426
-30098620.35765728354454040527 -101879046.39858064055442810059 -22310791.06240933761000633240
-33044789.87977894768118858337 -101092749.51396460831165313721 -21871418.11199648678302764893
-35964573.85176995396614074707 -100225731.07726326584815979004 -21414581.02002897486090660095
-38855667.03755288571119308472 -99278756.32884927093982696533 -20940660.14897435531020164490
-41715791.83619605004787445068 -98252654.29857365787029266357 -20450049.09190600365400314331
-44542700.12005365639925003052 -97148316.86572906374931335449 -19943154.28878428041934967041
-47334175.03243133425712585449 -95966697.76730936765670776367 -19420394.63353323563933372498
-50088032.74331998080015182495 -94708811.55633270740509033203 -18882201.07246612757444381714
-52802124.16183327138423919678 -93375732.51203168928623199463 -18329016.19461437314748764038
-55474336.60407806187868118286 -91968593.50374671816825866699 -17761293.81451430171728134155
-58102595.41527941823005676270 -90488584.81038542091846466064 -17179498.54800507798790931702
-60684865.54507548362016677856 -88936952.89733390510082244873 -16584105.38158870488405227661
-63219153.07498978823423385620 -87314999.15272261202335357666 -15975599.23589953780174255371
-65703506.69718049466609954834 -85624078.58496326208114624023 -15354474.52382625639438629150
-68136019.14365667104721069336 -83865598.48348182439804077148 -14721234.70382373780012130737
-70514828.56524181365966796875 -82041017.04457643628120422363 -14076391.82894564419984817505
-72838119.85965237021446228027 -80151841.96432949602603912354 -13420466.09212130494415760040
-75104125.94814608991146087646 -78199629.00049906969070434570 -12753985.36819209344685077667
-77311129.00027942657470703125 -76185980.50530695915222167969 -12077484.75321350432932376862
-79457461.60639595985412597656 -74112543.93102845549583435059 -11391506.10151928849518299103
-81541507.89754815399646759033 -71981010.31027461588382720947 -10696597.56103360466659069061
-83561704.61263328790664672852 -69793112.71283799409866333008 -9993313.10730588994920253754
-85516542.11259952187538146973 -67550624.68095204234123229980 -9282212.07673159241676330566
-87404565.34165129065513610840 -65255358.64478860050439834595 -8563858.69940964691340923309
-89224374.73545376956462860107 -62909164.31999079883098602295 -7838821.63207489997148513794
-90974627.07640330493450164795 -60513927.08900792896747589111 -7107673.49153061956167221069
-92654036.29609507322311401367 -58071566.36796652525663375854 -6370990.38899288978427648544
-94261374.22518180310726165771 -55584033.96077642589807510376 -5629351.46574480924755334854
-95795471.29087470471858978271 -53053312.40213374048471450806 -4883338.43048464041203260422
-97255217.16239409148693084717 -50481413.29104402661323547363 -4133535.09873778792098164558
-98639561.34472933411598205566 -47870375.61644797027111053467 -3380526.93468827335163950920
-99947513.72111704945564270020 -45222264.07649026066064834595 -2624900.59577092481777071953
-101178145.04469226300716400146 -42539167.39292911440134048462 -1867243.48035122640430927277
-102330587.37981091439723968506 -39823196.62213935703039169312 -1108143.27880513574928045273
-103404034.49358144402503967285 -37076483.46411693841218948364 -348187.52829703211318701506
-104397742.19817988574504852295 -34301178.57084703445434570312 412036.82846046437043696642
-105311028.64455722272396087646 -31499449.85535094141960144043 1171943.88019520486705005169
-106143274.56817771494388580322 -28673480.80268090963363647461 1930949.17955704266205430031
-106893923.48745532333850860596 -25825468.78408410027623176575 2688470.17085047625005245209
-107562481.85557954013347625732 -22957623.37551062554121017456 3443926.61279005417600274086
-108148519.16644443571567535400 -20072164.68159308657050132751 4196740.99606362171471118927
-108651668.01541368663311004639 -17171321.66617850959300994873 4946338.95550147071480751038
-109071624.11567066609859466553 -14257330.49044707603752613068 5692149.67666214983910322189
-109408146.27091711759567260742 -11332432.85960620455443859100 6433606.29665805585682392120
-109661056.30519469082355499268 -8398874.37910329736769199371 7170146.29905590880662202835
-109830238.95061282813549041748 -5458902.92125554848462343216 7901211.90269891638308763504
-109915641.69377321004867553711 -2514767.00315255625173449516 8626250.44430837780237197876
-109917274.58168503642082214355 431285.82335700967814773321 9344714.75473371520638465881
-109835209.98796784877777099609 3377010.56882345629855990410 10056063.52872982807457447052
-109669582.34013864398002624512 6320166.38976927381008863449 10759761.68815089389681816101
-109420587.80877834558486938477 9258518.15798699483275413513 11455280.73845905624330043793
-109088483.95936936140060424805 12189838.01490943692624568939 12142099.11845550686120986938
-108673589.36759014427661895752 15111906.91043685749173164368 12819702.54314999841153621674
-108176283.19884645938873291016 18022516.12564102560281753540 13487584.33969285152852535248
-107597004.75281026959419250488 20919468.77880014106631278992 14145245.77630116976797580719
-106936252.97372765839099884033 23800581.31425110623240470886 14792196.38411801494657993317
-106194585.92724613845348358154 26663684.97357653826475143433 15427954.27194996736943721771
-105372620.24449941515922546387 29506627.24867363274097442627 16052046.43383469618856906891
-104471030.53417499363422393799 32327273.31627886369824409485 16664009.04939561337232589722
-103490548.76327517628669738770 35123507.45355034619569778442 17263387.77694626525044441223
-102431963.60726764798164367676 37893234.43433253467082977295 17849738.03931149095296859741
-101296119.77030587196350097656 40634380.90575203299522399902 18422625.30233683064579963684
-100083917.27618329226970672607 43344896.74481394141912460327 18981625.34606148302555084229
-98796310.73066854476928710938 46022756.39468825608491897583 19526324.52853342145681381226
-97434308.55585153400897979736 48665960.18039330840110778809 20056320.04224823415279388428
-95998972.19711302220821380615 51272535.60360003262758255005 20571220.16319579258561134338
-94491415.30331201851367950439 53840538.61629524081945419312 21070644.49250091984868049622
-92912802.88076810538768768311 56368054.87305521965026855469 21554224.19064585119485855103
-91264350.42159688472747802734 58853200.96169271320104598999 22021602.20426375418901443481
-89547323.00694042444229125977 61294125.61204941570758819580 22472433.48549316823482513428
-87763034.38561484217643737793 63689010.88271579891443252563 22906385.20388416200876235962
-85912846.02868139743804931641 66036073.32546557486057281494 23323136.95084683969616889954
-83998166.16042937338352203369 68333565.12719812989234924316 23722380.93663290143013000488
-82020448.76624231040477752686 70579775.22918599843978881836 24103822.17984036728739738464
-79981192.57780314981937408447 72773030.42342677712440490723 24467178.68943092226982116699
-77881940.03607764840126037598 74911696.42590001225471496582 24812181.63924805447459220886
-75724276.23250047862529754639 76994178.92652922868728637695 25138575.53502311185002326965
-73509827.82877396047115325928 79018924.61564785242080688477 25446118.37385447323322296143
-71240261.95567552745342254639 80984422.18676458299160003662 25734581.79614345356822013855
-68917285.09125714004039764404 82889203.31542019546031951904 26003751.22996832430362701416
-66542641.91880784183740615845 84731843.61392241716384887695 26253426.02787566557526588440
-64118114.16493987292051315308 86510963.56173875927925109863 26483419.59606567397713661194
-61645519.41814776510000228882 88225229.41132086515426635742 26693559.51594561710953712463
-59126709.92818222194910049438 89873354.06912480294704437256 26883687.65802264958620071411
-56563571.38657127320766448975 91454097.95158301293849945068 27053660.28810444474220275879
-53958021.68861532211303710938 92966269.81577324867248535156 27203348.16577301174402236938
-51312009.67717697471380233765 94408727.56451942026615142822 27332636.63509395718574523926
-48627513.86858195066452026367 95780379.02564746141433715820 27441425.70752034336328506470
-45906541.16094475984573364258 97080182.70510695874691009521 27529630.13694694638252258301
-43151125.52523092180490493774 98307148.51365707814693450928 27597179.48686764761805534363
-40363326.67936723679304122925 99460338.46680144965648651123 27644018.18958519399166107178
-37545228.74571289122104644775 100538867.35764320194721221924 27670105.59741952642798423767
-34698938.89220618456602096558 101541903.40231749415397644043 27675416.02585752308368682861
-31826585.95750685408711433411 102468668.85764385759830474854 27659938.78858388960361480713
-28930319.06045762449502944946 103318440.61062704026699066162 27623678.22432979941368103027
-26012306.19419742003083229065 104090550.73941940069198608398 27566653.71547299623489379883
-23074732.80526603013277053833 104784387.04534403979778289795 27488899.69832002744078636169
-20119800.35805051401257514954 105399393.55556233227252960205 27390465.66499871760606765747
-17149724.88493517786264419556 105935070.99595579504966735840 27271416.15688627958297729492
-14166735.52253003045916557312 106390977.23377723991870880127 27131830.74949617683887481689
-11173073.03436746262013912201 106766727.68961258232593536377 26971804.02874460443854331970
-8170988.32047306746244430542 107061995.71818061172962188721 26791445.55851548165082931519
-5162740.91423449944704771042 107276512.95748546719551086426 26590879.83944125846028327942
-2150597.46701126545667648315 107410069.64582318067550659180 26370246.25881522148847579956
863169.77904971758835017681 107462514.90613269805908203125 26129699.03155003488063812256
3876284.52950717555359005928 107433756.99716977775096893311 25869407.13209626078605651855
6886467.98691591806709766388 107323763.53097240626811981201 25589554.21723422035574913025
9891440.41037902981042861938 107132561.65607696771621704102 25290338.53965231776237487793
12888922.68479898199439048767 106860238.20593580603599548340 24971972.85222533345222473145
15876637.89923663996160030365 106506939.81198035180568695068 24634684.30290665850043296814
18852312.93375749140977859497 106072872.98076713085174560547 24278714.32014960795640945435
21813680.05411352962255477905 105558304.13464051485061645508 23904318.48877443745732307434
24758478.51357701793313026428 104963559.61534190177917480469 23511766.41619953885674476624
27684456.16120889782905578613 104289025.64999434351921081543 23101341.58895784243941307068
30589371.05581022053956985474 103535148.27889086306095123291 22673341.21942224726080894470
33470993.08476917073130607605 102702433.24451711773872375488 22228076.08266740292310714722
36327105.58697985857725143433 101791445.84124206006526947021 21765870.34339902549982070923
39155506.97897136211395263672 100802810.72511614859104156494 21287061.37288651242852210999
41954012.38334732502698898315 99737211.68322375416755676270 20791999.55583953112363815308
44720455.25859723240137100220 98595391.36204595863819122314 20281048.08717498555779457092
47452689.02930077910423278809 97378150.95430181920528411865 19754582.75862683728337287903
50148588.71570714563131332397 96086349.84374959766864776611 19212991.73515795171260833740
52806052.56162851303815841675 94720905.20744621753692626953 18656675.32114089280366897583
55423003.65954934805631637573 93282791.57498103380203247070 18086045.71628185361623764038
57997391.57180883735418319702 91773040.34422142803668975830 17501526.76127114892005920410
60527193.94667458534240722656 90192739.25313134491443634033 16903553.67315251007676124573
63010418.12808419018983840942 88543031.80724930763244628906 16292572.77041324600577354431
65445102.75779045373201370239 86825116.66244168579578399658 15669041.18780785985291004181
67829319.36860595643520355225 85040246.96257787942886352539 15033426.58093857206404209137
70161173.96740265190601348877 83189729.63180804252624511719 14386206.82062794081866741180
72438808.60648328065872192383 81274924.62116083502769470215 13727869.67713089473545551300
74660402.94190303981304168701 79297244.10921783745288848877 13058912.49424636922776699066
76824175.77728317677974700928 77258151.65666325390338897705 12379841.85340207256376743317
78928386.59162154793739318848 75159161.31455270946025848389 11691173.22779988497495651245
80971337.04957149922847747803 73001836.68619233369827270508 10993430.62672389298677444458
82951372.49262690544128417969 70787789.94256924092769622803 10287146.23012804426252841949
84866883.40961998701095581055 68518680.79132816195487976074 9572860.01363602653145790100
86716306.88490976393222808838 66196215.39934395998716354370 8851119.36410189233720302582
88498128.02261114120483398438 63822145.26899825036525726318 8122478.68589649535715579987
90210881.34519033133983612061 61398266.06832894682884216309 7387498.99810165539383888245
91853152.16472971439361572266 58926416.41528483480215072632 6646747.52281127497553825378
93423577.92514544725418090820 56408476.61638274043798446655 5900797.26475625857710838318
94920849.51362442970275878906 53846367.36013267189264297485 5150226.58248805999755859375
96343712.53953328728675842285 51242048.36566655337810516357 4395618.75137390755116939545
97690968.57904176414012908936 48597516.98707737028598785400 3637561.51867508469149470329
98961476.38369448482990264893 45914806.77405154705047607422 2876646.65099876280874013901
100154153.05116319656372070312 43195985.98944996297359466553 2113469.47443184908479452133
101267975.15640977025032043457 40443156.08457335829734802246 1348628.40768498508259654045
102301979.84149494767189025879 37658450.13292490690946578979 582724.48859323270153254271
103255265.86227539181709289551 34844031.22336326539516448975 -183639.10566099372226744890
104126994.59024350345134735107 32002090.81362047046422958374 -949857.54421845183242112398
104916390.96778045594692230225 29134847.04524094611406326294 -1715324.83370412769727408886
105622744.41511359810829162598 26244543.02108042687177658081 -2479434.31445749802514910698
106245409.68729396164417266846 23333445.04658652096986770630 -3241579.16139253508299589157
106783807.67953956127166748047 20403840.83616587519645690918 -4001152.88903021020814776421
107237426.17932349443435668945 17458037.68602574989199638367 -4757549.86022885330021381378
107605820.56362544000148773193 14498360.61496069468557834625 -5510165.79812083765864372253
107888614.43980781733989715576 11527150.47463691234588623047 -6258398.30074768792837858200
108085500.22862638533115386963 8546762.03100826218724250793 -7001647.35786993987858295441
108196239.68793801963329315186 5559562.01857779733836650848 -7739315.86941304244101047516
108220664.37572577595710754395 2567927.16929743252694606781 -8470810.16499623470008373260
108158676.05112379789352416992 -425757.78202483971836045384 -9195540.52397782169282436371
108010247.01219168305397033691 -3419102.11386578949168324471 -9912921.69543766602873802185
107775420.36925916373729705811 -6409711.15365890972316265106 -10622373.41750599630177021027
107454310.25273853540420532227 -9395188.33091049827635288239 -11323320.93543694540858268738
107047101.95438201725482940674 -12373137.24560574628412723541 -12015195.51781567744910717010
106554052.00104676187038421631 -15341163.74968656711280345917 -12697434.97027937136590480804
105975488.16011814773082733154 -18296878.03932306915521621704 -13369484.14612527005374431610
105311809.37583573162555694580 -21237896.75564163550734519958 -14030795.45317237824201583862
104563485.63586193323135375977 -24161845.09152306616306304932 -14680829.35623949952423572540
103731057.76753431558609008789 -27066358.90203219279646873474 -15319054.87459795549511909485
102815137.16334523260593414307 -29949086.81599823012948036194 -15944950.07375582680106163025
101816405.43529978394508361816 -32807692.34622494876384735107 -16558002.55092963762581348419
100735613.99791161715984344482 -35639855.99577528983354568481 -17157709.91356028988957405090
99573583.57970905303955078125 -38443277.35774567723274230957 -17743580.25023219734430313110
98331203.66323715448379516602 -41215677.20592118799686431885 -18315132.59335838258266448975
97009431.85365849733352661133 -43954799.57368417084217071533 -18871897.37299951538443565369
95609293.17617250978946685791 -46658413.81853605061769485474 -19413416.86119158938527107239
94131879.30259296298027038574 -49324316.66958487033843994141 -19939245.60616529732942581177
92578347.70754252374172210693 -51950334.25535015761852264404 -20448950.85584988445043563843
90949920.75484481453895568848 -54534324.10924132168292999268 -20942112.97006570175290107727
89247884.71481473743915557861 -57074177.15007686614990234375 -21418325.82082236185669898987
87473588.71326875686645507812 -59567819.63502885401248931885 -21877197.18015389516949653625
85628443.61319737136363983154 -62013215.08240015804767608643 -22318349.09493796154856681824
83713920.83016097545623779297 -64408366.16167166084051132202 -22741418.24816341325640678406
81731551.08258895576000213623 -66751316.54829199612140655518 -23146056.30612918734550476074
79682923.07827793061733245850 -69040152.74072435498237609863 -23531930.25107738748192787170
77569682.13850004971027374268 -71273005.83731232583522796631 -23898722.69878473877906799316
75393528.76124379038810729980 -73448053.27058073878288269043 -24246132.20065904408693313599
73156217.12521979212760925293 -75563520.49664692580699920654 -24573873.52991112694144248962
70859553.53636986017227172852 -77617682.63748264312744140625 -24881677.95139738917350769043
68505394.81872047483921051025 -79608866.07383884489536285400 -25169293.47475420311093330383
66095646.65152177214622497559 -81535449.98671913146972656250 -25436485.09047199413180351257
